16
 0.38 0.8 0 0 0.028999999999999998 1 50 50 50
 0.44 0.8 0 0 0.028999999999999998 1 50 50 50
 0.5 0.8 0 0 0.028999999999999998 1 50 50 50
 0.56 0.8 0 0 0.028999999999999998 1 50 50 50
 0.62 0.8 0 0 0.028999999999999998 1 50 50 50
 0.41000000000000003 0.7480384757729337 0 0 0.028999999999999998 1 50 50 50
 0.47000000000000003 0.7480384757729337 0 0 0.028999999999999998 1 50 50 50
 0.53 0.7480384757729337 0 0 0.028999999999999998 1 50 50 50
 0.5900000000000001 0.7480384757729337 0 0 0.028999999999999998 1 50 50 50
 0.44 0.6960769515458675 0 0 0.028999999999999998 1 50 50 50
 0.5 0.6960769515458675 0 0 0.028999999999999998 1 50 50 50
 0.56 0.6960769515458675 0 0 0.028999999999999998 1 50 50 50
 0.47 0.6441154273188011 0 0 0.028999999999999998 1 50 50 50
 0.53 0.6441154273188011 0 0 0.028999999999999998 1 50 50 50
 0.5 0.5921539030917348 0 0 0.028999999999999998 1 50 50 50
 0.5 0.1 0 0.1 0.028999999999999998 1 50 50 50
